# R script for Peak Model
#  -- generated by MACS
p <- c(0.0444558647632,0.0532106002792,0.0611694507484,0.067991322579,0.0758364751843,0.0754953815928,0.0773145474143,0.0761775687758,0.0750405901374,0.0741310072266,0.0737899136351,0.073107726452,0.0715159563582,0.0718570499497,0.0727666328605,0.0741310072266,0.0751542880012,0.0744721008182,0.0737899136351,0.0742447050905,0.0756090794566,0.0751542880012,0.0762912666397,0.0762912666397,0.0754953815928,0.0743584029543,0.0735625179074,0.0734488200436,0.0741310072266,0.0739036114989,0.0729940285882,0.0725392371328,0.0716296542221,0.070947467039,0.0702652798559,0.0693556969452,0.0684461140344,0.069469394809,0.0682187183067,0.0691283012175,0.0687872076259,0.0701515819921,0.0720844456774,0.0726529349967,0.0727666328605,0.0735625179074,0.0732214243159,0.0732214243159,0.0742447050905,0.0737899136351,0.0741310072266,0.072425539269,0.0712885606305,0.0711748627667,0.0720844456774,0.070947467039,0.0715159563582,0.070947467039,0.0690146033536,0.0692419990813,0.0687872076259,0.0684461140344,0.0669680418044,0.0663995524852,0.0640118973445,0.0637845016168,0.0638981994806,0.0631023144337,0.0635571058891,0.0636708037529,0.0617379400676,0.0629886165699,0.0638981994806,0.0657173653021,0.0663995524852,0.0674228332598,0.0662858546214,0.0683324161706,0.0707200713113,0.0695830926729,0.0714022584944,0.0700378841282,0.0693556969452,0.067309135396,0.0669680418044,0.0668543439406,0.0670817396683,0.0671954375321,0.0661721567575,0.0674228332598,0.0659447610298,0.0656036674383,0.0656036674383,0.0666269482129,0.0674228332598,0.0676502289875,0.0668543439406,0.0667406460767,0.067991322579,0.0676502289875,0.0678776247152,0.069469394809,0.0717433520859,0.0710611649028,0.0702652798559,0.0698104884005,0.0715159563582,0.0720844456774,0.0706063734475,0.069469394809,0.0701515819921,0.0685598118983,0.0676502289875,0.0687872076259,0.0698104884005,0.0707200713113,0.0703789777198,0.0693556969452,0.0698104884005,0.0687872076259,0.0704926755836,0.0700378841282,0.0699241862644,0.0692419990813,0.0693556969452,0.0662858546214,0.0652625738468,0.0661721567575,0.0659447610298,0.0676502289875,0.0660584588937,0.0668543439406,0.0660584588937,0.0656036674383,0.0651488759829,0.0666269482129,0.0677639268513,0.0662858546214,0.0649214802552,0.0641255952083,0.0640118973445,0.0641255952083,0.0631023144337,0.0632160122976,0.0627612208422,0.0620790336591,0.0606009614291,0.0599187742461,0.0610557528845,0.0618516379314,0.0625338251145,0.0618516379314,0.0633297101614,0.0635571058891,0.064352990936,0.0657173653021,0.0682187183067,0.0681050204429,0.0693556969452,0.0692419990813,0.0695830926729,0.0691283012175,0.0684461140344,0.067991322579,0.0651488759829,0.0637845016168,0.0610557528845,0.0602598678376,0.059236587063,0.0580996084246,0.05707632765,0.0582133062884,0.0590091913353,0.0591228891992,0.062192731523,0.0642392930722,0.0650351781191,0.0656036674383,0.0660584588937,0.0668543439406,0.0651488759829,0.0649214802552,0.0644666887999,0.0631023144337,0.0617379400676,0.060714659293,0.0615105443399,0.0627612208422,0.0620790336591,0.062874918706,0.064352990936,0.0634434080253,0.0620790336591,0.062192731523,0.0638981994806,0.0629886165699,0.0623064293868,0.0625338251145,0.0615105443399,0.0595776806545,0.0593502849268,0.0595776806545,0.0609420550207,0.062192731523,0.0594639827907,0.0591228891992,0.0593502849268,0.0584407020161,0.0587817956076,0.0603735657014,0.0591228891992,0.0583270041522,0.0576448169692,0.0573037233776,0.0574174212415,0.0576448169692,0.0567352340584,0.0566215361946,0.0574174212415,0.0558256511477,0.0566215361946,0.057758514833,0.057758514833,0.0575311191053,0.0563941404669,0.057758514833,0.0574174212415,0.0571900255138,0.056280442603,0.0576448169692,0.0588954934715,0.0583270041522,0.0578722126969,0.0598050763822,0.0619653357953,0.0604872635653,0.0612831486122,0.061396846476,0.0603735657014,0.0612831486122,0.0594639827907,0.0590091913353,0.0595776806545,0.0563941404669,0.0558256511477,0.05707632765,0.0573037233776,0.0566215361946,0.0574174212415,0.0573037233776,0.0582133062884,0.0586680977438,0.057758514833,0.0591228891992,0.0606009614291,0.0594639827907,0.0599187742461,0.0606009614291,0.0598050763822,0.0595776806545,0.0585543998799,0.0599187742461,0.0611694507484,0.0609420550207,0.0595776806545,0.0602598678376,0.0602598678376,0.0595776806545,0.0606009614291,0.0608283571568,0.0615105443399,0.0604872635653,0.0588954934715,0.0600324721099,0.0598050763822,0.0600324721099,0.0588954934715,0.0598050763822,0.0595776806545,0.0574174212415,0.0579859105607,0.0588954934715,0.0602598678376,0.0585543998799,0.0596913785184,0.0579859105607,0.0580996084246,0.0567352340584,0.0563941404669,0.0557119532838,0.0566215361946,0.0552571618284,0.0560530468754,0.0576448169692,0.0567352340584,0.0579859105607,0.0586680977438,0.0603735657014,0.0606009614291,0.0602598678376,0.0615105443399,0.0684461140344,0.0734488200436,0.0793611089635,0.0866377722495,0.0967568821317,0.105852711239,0.111310208704,0.121884110041,0.135300457975,0.143031912716,0.146783942223,0.148944201636,0.150308576002,0.150649669594,0.153946907645,0.154515396965,0.158381124335,0.157244145697,0.155197584148,0.154742792692,0.155311282012,0.155879771331,0.156107167059,0.160086592293,0.15644826065,0.157130447833,0.155766073467,0.155766073467,0.15644826065,0.15792633288,0.15792633288,0.157357843561,0.159290707246,0.158381124335,0.160768779476,0.160996175204,0.162929038889,0.164293413255,0.1638386218,0.162133153842,0.162815341025,0.164520808983,0.165202996166,0.164293413255,0.163042736753,0.161337268795,0.16088247734,0.159290707246,0.160313988021,0.160427685885,0.159972894429,0.160655081612,0.15940440511,0.161337268795,0.160313988021,0.160768779476,0.161792060251,0.166112579077,0.16679476626,0.168841327809,0.169409817128,0.171797472269,0.174071429546,0.175094710321,0.174412523138,0.176004293231,0.174071429546,0.169296119265,0.16679476626,0.164293413255,0.160768779476,0.157585239289,0.158153728608,0.154288001237,0.155766073467,0.153946907645,0.155652375603,0.156334562786,0.158494822199,0.157698937152,0.158494822199,0.15940440511,0.155879771331,0.156334562786,0.157471541425,0.156220864922,0.156220864922,0.157698937152,0.156561958514,0.158153728608,0.161109873068,0.161792060251,0.164066017528,0.167135859851,0.165202996166,0.16975091072,0.170433097903,0.168841327809,0.17122898295,0.172593357316,0.173957731682,0.172024867997,0.173730335954,0.172593357316,0.173161846635,0.171570076541,0.172820753044,0.173048148771,0.171001587222,0.169409817128,0.167818047035,0.17270705518,0.171456378678,0.171115285086,0.169864608584,0.16827283849,0.163724923936,0.165089298302,0.166226276941,0.165202996166,0.166339974805,0.162019455978,0.162246851706,0.16236054957,0.165430391894,0.166453672668,0.168841327809,0.171342680814,0.169864608584,0.171342680814,0.168841327809,0.169182421401,0.170660493631,0.169864608584,0.170092004311,0.168386536354,0.168727629945,0.166681068396,0.168841327809,0.168955025673,0.169637212856,0.168500234218,0.167022161988,0.167704349171,0.166453672668,0.168955025673,0.171911170133,0.171342680814,0.169864608584,0.170205702175,0.17270705518,0.178505646236,0.176231688959,0.176117991095,0.177027574006,0.179756322738,0.178050854781,0.179301531283,0.179870020602,0.179187833419,0.176572782551,0.171342680814,0.170205702175,0.17122898295,0.171001587222,0.167818047035,0.167476953443,0.167022161988,0.166681068396,0.168159140626,0.167590651307,0.170774191494,0.174753616729,0.176004293231,0.176686480414,0.175094710321,0.175322106048,0.174298825274,0.17122898295,0.169864608584,0.17122898295,0.171001587222,0.169864608584,0.165885183349,0.166567370532,0.169864608584,0.167022161988,0.166681068396,0.169864608584,0.171911170133,0.170546795767,0.169864608584,0.171456378678,0.174981012457,0.172820753044,0.17418512741,0.176231688959,0.179415229147,0.179301531283,0.179756322738,0.18839736039,0.191012411259,0.19283157708,0.192490483489,0.195332930085,0.19487813863,0.197038398043,0.195446627949,0.199312355319,0.200335636094,0.195332930085,